0 0 522 h
0 0 240 v
0 230 57 h
0 276 57 h
0 276 279 v
0 555 522 h
47 45 55 v
93 45 55 v
417 45 55 v
465 45 55 v
140 45 101 h
281 45 101 h
140 90 240 h
512 0 240 v
465 230 57 h
465 276 57 h
512 276 279 v
47 137 55 v
465 137 55 v
93 137 57 h
140 137 103 v
93 183 57 v
372 137 57 h
372 137 103 v
417 183 57 v
186 137 55 h
281 137 55 h
326 137 103 v
186 137 103 v
186 230 150 h
93 276 55 h
372 276 55 h
186 276 55 h
186 276 57 v
186 323 55 h
233 276 57 v
281 276 55 h
281 276 57 v
281 323 55 h
326 276 57 v
186 370 55 h
186 370 100 v
281 370 55 h
326 370 100 v
233 415 55 h
233 415 55 v
281 415 55 v
47 323 103 v
93 323 103 v
47 461 57 v
93 461 57 v
417 323 103 v
465 323 103 v
417 461 57 v
465 461 57 v
140 323 147 v
372 323 147 v
140 507 101 h
281 507 101 h